189.59141059565226,22.043601526682938
179.72436569782496,23.487467785238522
170.26788159336022,26.74068717963365
161.1421906588693,30.82227950868165
152.144406553139,35.16597013671137
143.18580561385957,39.60791930889897
134.23500669968408,44.08542046702746
125.28013606791303,48.53702442036884
115.9594817032814,51.72077708005905
106.00722098060137,52.0643197284611
96.3953438680385,54.727099655316096
88.30859574742895,60.48418360182922
82.95860217127938,68.87507474987383
80.58779860148857,78.54796205186378
80.50081835937499,88.538615234375
81.98369047287852,98.41931677048653
79.85434013905282,107.93931554987374
75.22014010254281,116.80120046239917
70.09482779071479,125.3728808228001
65.22113678281754,134.05431344192476
61.04880194000935,143.14418484064228
56.899687682821416,152.24682634605094
52.70503020243439,161.3245465092268
48.49765225163847,170.39251951538026
44.29163610673696,179.4682050090283
40.139299048751596,188.56282165382802
39.47178237333708,198.45674103351124
39.30822719114064,208.44099112863117
39.145020989930295,218.44408594446188
39.01554893663033,228.4393166472804
38.950118748938664,238.45326313493308
38.97167238870241,248.44275853331797
39.1142795155848,258.4426754892157
39.43172161796599,268.43633625861344
40.01420218670927,278.42317138978
41.02044449962038,288.364629019968
42.75521375303692,298.21951249598004
45.26484903802816,307.8888634132687
47.613116965770715,317.604114177227
50.31189741897583,327.2291041755676
54.72975515162945,336.1921579486206
60.51029707968794,344.3379141267982
67.3460693101883,351.62112363308665
74.88134373033046,358.1950194282904
78.235282728374,365.68422876966
72.88073956082947,374.13770159869455
67.253536709829,382.4111434063467
61.08821851874702,390.27701772899366
54.322667885780334,388.23240111207963
47.44099745359388,380.9729095767258
39.69466513131,374.6734251583712
31.102903670057657,369.60487352883075
24.366605112507006,374.25102677192814
23.98237306176881,384.2159617725432
25.36155961924966,394.105474893655
27.864148301963564,403.7835547885304
31.446922902427612,413.1129471056983
36.282937048474324,421.85529966332865
42.13984542953409,429.9572467432489
49.15712266020476,437.06196278275456
57.42243618236797,434.3840233052906
64.71631907098646,427.53685203589686
71.83295316382788,420.50415730438544
78.84501600583596,413.381317656199
85.78979516211896,406.1830369245261
92.66377830548758,398.93457050400616
99.48699390500039,391.6225528031736
106.26180295321345,384.25213692340253
114.16015301513673,383.4097365722656
123.19838430170529,387.6558928397652
132.55624446691968,391.20858328678196
142.08542199087702,394.18228138223105
151.7759604747314,396.70946866620517
161.51947313904108,398.9353458583607
167.8738087010905,402.875743531622
161.51389928644895,410.35858565318586
151.7898742675781,408.6500265808105
142.1496854352951,406.90977155113217
133.7726022644043,411.73369095325467
133.46293442078678,421.63449454396476
135.651351249733,431.3781115741113
139.0592633863315,440.77269839493067
143.61495228440316,449.658412987344
149.04638918530196,458.0644177331403
155.27169895481936,465.8844723996151
162.96148840430288,472.17963930130844
172.11615047536327,470.93852398716285
178.70930580169951,463.45582872961603
184.00801497802658,454.9719321121127
188.6610089563051,446.12063984865557
192.9408047983785,437.0824312698775
196.97737187831754,427.94019286269327
200.92422069241107,418.7447481565476
204.9822645542938,409.6153901184797
211.88352589442582,405.30494719849526
221.56393954080343,407.8097168958187
231.33870122194384,409.88987198174374
241.12396750879287,411.3335543513298
250.9317603666857,410.33516284296667
260.1881015319824,406.5713973693847
269.3485522884229,402.59431060168134
277.7981680737836,397.2440493043594
285.91253088245503,391.4220637804185
293.82730045812576,385.2906843142882
301.487973315987,378.8736291088476
308.69826674526894,371.94561442839995
316.26113762727755,367.41698974470705
326.08774793520945,369.24822043092917
336.06323440547663,369.8983610889353
345.9709355680235,368.7816649170257
354.6261478144527,364.0842833904028
359.0214457115504,355.2378934627811
358.79847985971685,345.3347882523846
353.75109281675054,336.87848539335096
353.97793647497895,331.76890588563685
362.5227949127779,326.6056390688941
368.9477928722548,319.09289726647086
364.6025657949448,310.932212826252
355.8551811373233,306.09268372911214
347.0893476878516,301.2925708363624
347.85331777584554,294.1054581925273
353.5332340790946,285.87608878431746
359.13898147450925,277.5855950612627
364.6870091085434,269.2870115380287
370.21031849732134,260.94115048064583
375.6800436075479,252.56724563997238
381.026739279151,244.11429962545634
385.0793110397065,234.9882401727957
386.3788346427905,225.14571241140948
382.25359395609166,216.2557083633088
373.90742578129203,210.86148162771192
364.3351946054611,208.16953650349436
354.63870704364774,210.1096549773216
346.31538896312964,215.61261199775885
338.9482451059299,222.3786713902502
332.05010654062164,229.6057250172393
325.3693697730556,237.05504593809542
318.7857441154197,244.5727604683563
312.151083984375,252.06343994140627
305.49908402395994,259.51490012259785
298.80772284698486,266.9464315605164
292.3202147404253,267.4667766955048
284.25767405444753,261.5826557978336
275.3369768464267,257.1005661284178
265.66303800375374,254.62354125133888
255.7640242219856,253.21984896594194
245.87472929286957,253.56158410167694
236.0685881555379,254.72319008277262
226.29648420715333,256.8303238272667
216.64902808322756,259.4835970537439
214.6975811095163,252.93138007973135
216.5297468197206,243.09861883500406
218.86922988890953,233.37333467631228
221.7292368979454,223.80526667308806
225.11622963457364,214.3896773255401
228.99573631908095,205.17382139215061
233.31975574807433,196.14733130796878
237.4864261040866,187.06335690079354
241.17387232241853,177.77581664398494
244.3854202823639,168.30207617807386
247.13783842239863,158.68141208518637
249.46306937249378,148.96047091693154
251.4103548471951,139.14861171556882
253.0224691110247,129.2952866768442
254.3526733551679,119.37357439362798
255.5184065700024,109.45486462684723
256.44726538085933,99.63949829101561
256.91511424064635,89.73148287534714
256.91103604316714,79.73614971113206
256.1099107868075,69.91072365045548
254.77151081608048,59.996800332313406
250.94291785335542,50.84958369731903
243.9537948188782,43.72129293441772
236.11915553495254,37.51256732965994
227.8715008297962,31.872641964066425
219.06629208209085,27.129092981941067
209.68140680932999,23.744418704509734
199.83020374989871,22.058704624688836
189.8419961265965,22.026410183154876
212.039349182443,37.00554987757933
220.30655460871756,42.554321890294545
226.9633231202271,49.993302179850645
232.4074537652526,58.36856480177492
237.13140120416762,67.18336357069481
241.04041836621298,76.37211784448813
243.25860853383585,86.11507971693936
243.5593631366141,96.10522086178825
242.4868236743282,106.03216101403576
240.63295495995334,115.86419255042554
238.36717501950264,125.5900247552991
235.84739254764048,135.27490499246295
233.20431984356185,144.92096499509123
230.48299030161837,154.53975213825984
227.62070864798127,164.1335830585286
224.66855103603936,173.6702582091568
221.63658674310116,183.21246294528646
218.55697734571538,192.7218369782542
215.4367345976621,202.22045268771058
212.2861008461426,211.7075853071309
209.1102053968925,221.18977971968707
205.9144919822379,230.67393960592221
202.80842027780415,240.1810322304815
200.6548646788262,249.915929474039
200.4223591986336,259.9171061492879
200.46209915161134,269.91371440827845
202.52351440429686,279.36221228182313
212.11704945266249,279.90866137629746
213.9977904052734,271.0095274047852
223.41473213443257,267.6427900927466
233.1901000703415,265.57007008386694
243.14648926377333,264.79765759223005
253.13577027677468,265.33035974094673
262.94154745204037,267.18723911804665
272.3986485379013,270.41410579746156
281.24270362521236,275.05612560428006
285.67696681129934,281.26002692890165
278.44954007530214,288.1611120910645
268.90830628785494,286.82287508521233
258.96376705339554,285.9528712957948
249.01851110839846,286.27471089553836
239.14559970548746,287.81487271009104
229.4620153445415,290.28207537745396
220.02824011644722,293.57474624431785
226.6297449227571,299.5751615071297
236.54245818966626,299.71935817152263
246.53486635397095,299.6045890607089
256.45615087890627,300.09250466918945
266.3330663341667,301.3128184219899
275.84281810269783,304.35745028332434
284.8152156830228,308.7500095563668
292.26919425091523,315.3492479411671
297.9485548578198,323.5645129019533
301.968259359628,332.71219674886015
304.282319102511,342.4223996749003
304.5480886422962,352.40089569753115
301.9421912498474,361.9999587659836
296.0063570759445,369.8229251758978
288.2925836806165,376.16817017027097
280.42470112166365,382.33175556495513
272.3957660683489,388.30964036453594
264.0063466356024,393.7342010502592
254.9118216395015,397.81976985061823
245.02117009084674,399.13328264179825
235.05709646530914,398.4355825490617
225.15618634899212,397.0319728654734
215.23696910083294,395.76101986352353
205.28220642089843,394.7996048278809
197.7533672510319,398.91013797157984
194.67591327134522,408.42121156513025
191.27939070598444,417.8223864129472
187.7163075090441,427.1742532136236
183.97609089337303,436.4363952416501
179.8018281355533,445.5293173243499
174.69834236422614,454.11452646379416
166.62929629248382,459.18016802805664
159.1535647069904,452.9129365789181
154.39104060042743,444.1412811689954
150.4916087832367,434.9388524977584
147.1690035065847,425.5151488059207
148.38201514177572,420.8189548424869
157.13731394984572,425.64073971149327
166.69393404585213,426.2256648129113
173.0677976688072,418.63771190509203
178.05634027802944,409.98576486790176
183.57116995930673,401.63758039689066
183.82973234200477,392.660347853899
174.8063222105191,388.50293381563995
165.13366481830585,385.9719677026459
155.36907054022436,383.77274854966026
145.6430004653498,381.4460677686921
136.00802861993853,378.8201383815976
126.51592864072789,375.66097718834226
117.31357536649705,371.7440791792869
108.46538662182924,367.0828678826472
99.89510612625556,361.9399861068059
91.62936049575485,356.3148439612169
83.84914654935977,350.04352816510726
76.77794303726718,342.9696178768064
70.65583750509356,335.07238325158966
65.5648902168274,326.46787429428105
61.415283792488275,317.3912052427903
57.98646514394798,308.00088110976793
55.27738735000311,298.36189388642936
53.22897187135132,288.5782633219006
51.70953368918047,278.7034251357501
50.63606620702918,268.7551926271591
49.95866177232529,258.7765328752351
49.64244788537907,248.7770661562864
49.666069492053964,238.78853251143397
50.018553259061996,228.7840738520726
50.69512259533431,218.81956320722554
51.70183209205474,208.87211896073998
53.04992520015723,198.96529255851047
55.466776666343215,189.29916904753446
59.49618202407285,180.13549366868753
63.496078257473656,170.96347380084111
67.47182684322027,161.80277259616474
71.4470147530592,152.62141448405976
75.41421585272997,143.4371469205562
79.62923580503464,134.3780326009989
88.99152688026429,135.27079065966606
98.82218184769152,137.14137863540648
108.65560342914426,138.98245512527225
118.48249176905838,140.80323883946983
128.3146831491217,142.6193881762512
138.14702123153955,144.44573577940093
147.983742702855,146.2770724868836
157.8363588628918,148.01440734217317
167.68893994139626,149.69415635847685
177.55569580078125,151.28230786132812
187.36921422809363,152.35210219544172
197.35373817998916,152.9040146300122
200.94723044586183,149.60031902313236
191.504130696357,146.32088467176106
181.92276936228322,143.47467279439033
172.28551190734726,140.8185612392968
162.5933070408326,138.2921680028764
152.90153727847337,135.88727300858497
143.18242152635835,133.53170828525117
133.4468507414771,131.20128982808023
123.70506235097477,128.94412759836342
113.95320713996887,126.7604354763031
104.18477101010083,124.62200957903451
94.362071308136,122.75109507453442
87.45213702774048,119.15265797805786
90.5843075904846,109.64057670974731
95.37830071657896,102.77219364273549
105.15579324078561,104.8771270301342
114.44286395263673,105.82158660888672
111.59991031504887,115.18423392744457
119.30979708123114,120.6877160983486
129.23359989676118,121.8412625690374
139.23486986636183,121.88770512861294
149.04918702220917,120.62584139585495
153.95287899784745,114.12547500217705
146.8354598262757,107.25389957905561
142.95383132648467,112.36980255508422
134.04758114758877,113.97214543359726
130.80111864492207,108.43209664606769
139.34437274401728,103.25982875342203
148.25709802655035,98.71143007870484
157.05096022588015,94.04507608067989
156.89423524856568,85.43990215682985
147.7672908449173,87.600465675354
146.19053323799372,81.79707645499707
144.13501635290683,72.2170774549991
140.22442625141144,63.01636225223542
136.8172785949707,54.524833618164074
145.6815804836154,49.922768405377866
154.67734332144258,45.548322789788244
163.8789231544137,41.65288062167167
173.103603166759,37.78924885158241
182.59778430870642,34.67261538309348
192.46322919373958,33.14468041865341
202.41753314161298,33.923177213549614
135.62359104371072,73.42037188917398
136.81437449072675,83.30086004473735
132.58073182624767,92.00369504420367
123.06029173374176,94.3759018702507
113.27961274171133,92.47234506246878
116.69866387481743,87.85131559371865
124.28899617677926,81.41712838715316
128.59079098276155,72.50234313044731
128.9077751235962,62.626244636535645
186.75477389896662,82.45025372380762
178.58588827321154,88.11800933457293
172.6197865031315,96.11411676757317
168.58962913021725,105.2461711838497
166.0858969578743,114.91225449037552
168.21957370722293,124.00867053055762
174.5482427427769,131.52320534688235
183.94955845421555,134.87133816319704
193.62409785487563,137.4332808284912
203.51135486451173,138.8291531341233
213.4549063910842,138.0617872481942
222.1106957092285,133.32143766403198
228.66420462185147,125.79382069998235
233.85916130626947,117.2688134770533
236.71907265883874,107.71623658315836
233.84697222234308,98.26035871446132
227.37379895270416,90.72739116892335
218.73678474076524,85.76057273623883
209.2949208233362,82.4433443953225
199.47974471699354,80.67796049290337
218.00068233557232,94.56400097936859
222.40603039775232,103.53811903616881
225.0973672903627,113.147062603198
224.28341756965685,122.98888617197703
216.86474955280394,129.14259004764736
206.94007582182718,129.5531692665713
197.14375310163746,127.55585993574296
187.64413834367693,124.4373944438696
194.8005340576172,122.9632631149292
204.4263685245367,120.33507687769377
212.02825793118777,114.09365796915442
214.46219162327912,104.52160467684607
213.01924473695087,94.65416762544494
166.76514949645846,193.91467142795025
161.2386015625,201.8615234375
159.1752949563861,211.6435573130846
157.16210859173535,221.42888481676488
155.14654432513098,231.22567919145675
153.10489812176766,241.00914874799815
151.00272340822218,250.79021052948383
148.78096776301356,260.541887103426
146.30203372144697,270.2244964009747
143.1992018067753,279.73702037167635
138.533681709297,288.5375488346253
131.58217823410035,295.6866665334105
123.91226398104337,302.11066331647805
120.36252042353154,310.70903402024504
128.43047342194617,315.95372286183385
135.62855577399952,321.4850611859083
142.09099528312686,328.90569770276545
151.292449198097,327.02632789267415
157.48855443406106,319.2265828387737
164.3280186276734,321.0542946890816
172.45239446954056,319.7040129630873
177.57044680786132,311.12649251937864
176.14909822057933,301.7517919388944
170.1168446565047,293.7747048149705
165.959377451241,285.26529444259404
169.42134788453112,275.88215790540863
173.33957120478712,266.6935044938512
177.24115475170345,257.4700312336377
181.08916140389658,248.24998744430687
184.86520522246522,238.98900193282307
188.50211722004684,229.6703324011574
191.84035446953587,220.24998001769555
194.32130656670986,210.57068265919395
191.52413260047138,201.65635823240876
183.69222032773496,203.87029962539674
180.88476074433328,213.45836434543133
177.89380640655665,223.00787726901473
174.96437207716704,232.57197010498678
172.0012405589223,242.1157360494938
168.141015219153,251.33347734143388
164.05547147106702,260.4584564913156
160.50499783068986,269.8082430463283
158.25439747089916,279.5317845301041
159.2799313841909,289.38287050098177
164.70359309925698,297.7177749865874
170.3393458209941,305.88834801935496
167.43924673175812,314.6700918645859
161.0619609375,307.5914646911621
152.99111903986335,304.78745317884443
149.53560727767726,314.1106025708637
143.15282217595725,319.1724345882386
140.70724815177917,309.5870775197745
130.99818572443726,308.7024472270608
126.65012607179116,303.7080448227683
135.22129978133052,298.62516582655155
144.36033374005555,294.66598919957875
147.8824019433493,285.366811043201
150.9169038928747,275.84763414192196
153.92536948982746,266.30495971330396
156.8870511682858,256.7514567657909
159.82619988430477,247.19459202024342
162.74630997686586,237.62906856812955
165.63249962615967,228.0579266357422
168.34981107000544,218.42757327859815
170.89769754872472,208.75487755260895
172.7410053406358,198.94165281098336
168.1083090543151,193.12047268319128
374.03518020453953,223.13931435400156
375.20930703716505,232.92276467724298
372.2019625406821,242.4248085575324
367.1489169160443,251.04732992502102
360.92268282625326,258.87302805408706
354.07504920999054,266.1484477520107
347.1709108989416,273.3845467662888
340.2560678278263,280.6087558135061
333.32585410767797,287.8280424012989
326.38584255767614,295.01533134966155
326.8613218021558,301.74125569445914
335.6171277115494,306.5331236332059
345.1046098562013,309.6843954461441
354.56837642437216,312.60335100171716
357.7185034378991,321.46150094593315
349.7889960653186,326.16113878637555
339.83679438091815,325.46797672203184
330.4025939941406,322.58881787109374
337.2091911175139,329.86803142127883
343.96662846497077,337.2423473676594
349.635660128355,345.46848263578113
350.199836445421,355.02684686063793
341.981735642545,360.1369221024737
332.03140502855473,360.49990992004484
322.28931189596653,358.3374877160788
318.3066714876284,351.1517740576435
319.06580548864605,341.19270348250865
318.3519137834832,331.23630922056736
315.06878321150947,321.80803138284944
310.10825208944203,313.1308999653254
303.8151410553365,305.3691388364602
296.41722393512725,298.6534322280884
288.1003670817166,293.1265256820544
291.76616122470796,286.3873001808897
299.23879039869195,279.7476504870856
306.6427659690554,273.01618907362524
313.952259842538,266.1978264524093
321.16097556975785,259.27297295383005
328.2547690276057,252.21775499118118
335.19100283951303,245.01784844879708
341.9297359563112,237.62090494400266
348.35552100520397,229.9800625346033
354.2772410295438,221.91923703271058
361.1321190088987,215.4006062372327
236.0597887451202,274.67806572988627
240.82370912598074,283.3519595245673
249.609894061978,282.16072508963197
247.06077806711198,273.78601665115355
237.56740782502573,271.2811089662537
243.63650674979112,323.3381267563319
247.8488642554283,329.7874630689621
254.80064511168004,327.4864231660962
253.49414773988724,317.6508400120735
223.58210254865887,345.08544118821624
223.35598884224893,354.6935807005763
231.55931814794081,352.87941761825175
234.52274999999997,343.96362500000004
224.97729051589965,364.12544515228274
229.35264985486864,371.7525104176327
236.8161230598837,367.61879380274564
228.7930685424805,362.2585369567871
101.82548443603515,376.2083851776123
96.08635857896044,383.8145435439301
89.1561530238045,391.0263514316502
82.10615863539584,398.10855657531494
74.9568575942411,405.1053621971443
67.70608673419777,412.00053006109795
60.29601800522464,418.71250033184606
52.22723478075583,424.5830280442061
43.805883616804145,422.01184106497374
39.142685757669156,413.1799740024039
35.59787498321012,403.81573486666196
32.66898428024724,394.2680103396606
30.373066805992273,384.52451280522905
32.563843573166984,377.65293907775447
40.05973352575302,384.25090074586865
46.939243530008014,391.5094969454268
53.71129546654225,398.864392451644
61.52290662748367,403.2520879039094
68.42863315283635,396.0337127048621
74.85130603075027,388.3564219202995
81.07459881710585,380.5378694179403
87.22808893578312,372.65615580252836
94.92309313392639,371.9289447574615
238.4559102572575,390.1251922335774
244.75824825714525,389.27722092963756
239.90775986397267,381.5244631890058
#
187.89333781822955,21.634917633623818
178.10948035870493,23.569809027217328
168.65470533263218,26.839733784629033
168.73850191278893,27.255613377541493
178.19248060633018,24.03136420233019
188.0175033820931,22.21494381941816
198.00082292455434,21.949534252107142
207.896734375,23.336984375
217.39226043432495,26.40493398916081
218.98333405230943,26.672863621152008
209.5892804197669,23.266636130213737
199.75333908605575,21.528565470695497
189.75660288076568,21.466287666836752
229.27785091400148,32.701903619289396
151.31714433826505,47.04437893483788
142.44263912060856,51.65073365212232
137.99216845703126,54.35991967773437
146.82651536405086,49.665897716641425
155.88868754478543,45.4757214095965
155.8960382417878,44.99852548481617
225.55804060190917,48.50093336492777
230.3586538675651,55.17517996934056
224.70190789812804,46.95230160355568
248.86834075927734,47.85118560791016
122.49178729248047,49.95822760009766
111.085734375,51.2394375
97.23773634257913,53.94287376784533
88.9062627017498,59.34462950140238
89.88947849353404,58.84218963810801
98.49390907030552,53.831965908378365
232.44539121984224,59.266641387268905
237.16836536604913,68.0861845599413
240.93249964775237,77.33486023468897
242.96758890000825,87.11630614159628
243.13206337451933,84.40305001020431
240.47655117332937,74.76543833512068
236.35761742210389,65.66880336916446
231.40920898437503,56.97533197021485
131.33804259433597,64.48291131636499
135.17909363164753,73.65583376547694
136.19536886954305,75.39651302343607
132.61085702538492,66.06331214040517
83.70988753509522,66.71710834503173
129.03150619888305,68.46614317703248
255.7809136196971,65.71042491644621
127.33037583898752,76.44960028347373
121.44637410059292,84.41745792681351
120.31274557223357,85.9746812308589
126.68378955078124,78.33636450195313
128.67625315761566,71.35173933315278
136.44804125976563,82.32961669921875
135.13473513733132,88.3386653585825
127.26294996844976,93.77874113883078
117.33746520131827,93.09839701735973
113.76598011398315,89.95950760269164
112.0150974829197,92.05515958595275
121.74039872455597,94.23743188524246
131.5080140600819,92.77876925915945
136.74755600547792,84.68755578660965
158.18984495092928,92.82562428194285
154.46149200439453,96.25181991577148
159.48246054925863,88.48657425877545
177.70120690006019,88.529742739439
149.33545998096469,86.92041580104829
233.84936422476918,97.9754470301196
236.55996908569335,104.20003747558593
232.43411375289503,95.20202932124118
228.42140266895294,91.51219993543624
213.10745918273926,90.07777380371094
256.4011391966343,95.067105240345
256.4052539520263,94.24105679321289
241.8080709787002,106.95459703816567
239.9471096252011,116.78133719145379
237.72410029598046,126.52066260578763
235.18505888104443,136.199258088544
234.04332957062124,141.91792507246137
236.6654698888324,132.27364410804586
239.0927116078199,122.56387592801404
241.2952115895208,112.82373771228919
242.95592543780805,102.94950804656743
243.10416150844097,97.27922493275254
168.25535342704038,104.90127109140437
165.6810238608718,114.54734090131521
167.50583943957088,123.67550635677577
173.60159596681595,131.4913598780632
169.8483658100888,126.7731706437245
165.63597372281555,117.95768662935495
167.68905775684283,108.19861423850956
171.1839669866562,98.84091593027115
82.10103149414063,100.4406201171875
88.96198517649621,114.56781881433726
87.92516892907769,118.80350151889772
91.11089075881242,109.32081617116928
92.07156552130729,105.35390797897428
256.16422187805176,106.4908515968323
129.84245312500002,113.084078125
235.48350870170447,112.71187433116881
231.35625419423823,121.79823382832576
225.52853002929686,129.90905834960938
226.91848391354642,128.81264478389173
232.39647537425836,120.44831507317255
236.58010400390626,111.395294921875
154.65724169921876,116.4473256225586
146.6581156283021,121.20453163284063
153.69565492857433,118.95552989739272
151.47954039096834,110.51962936258317
142.93716735839843,111.23507669067382
204.28262771606444,120.23350445556639
194.70663856887816,122.98688550186158
202.81887436011715,121.21376097991504
254.5610662841797,119.45305773925782
120.56439591605216,121.43290340629964
128.6582214050293,121.82907397460937
118.7540795225948,120.54853176566958
134.33445210456847,122.07244544327258
136.06846725940704,122.27123395335674
143.8957469394803,121.72754180908203
188.11733012920615,124.1134675603509
188.8687705577612,123.31913661227375
222.29148636054992,125.50609190940858
109.63612205803393,125.78174218344688
117.2444839121625,127.51573458758742
196.0643090820313,127.30192895507814
126.39547056652141,129.55274209490884
136.12943136672956,131.82783148526866
145.85139566304534,134.17320168838648
155.5695731082484,136.5683769925311
165.27220749307423,138.99264997377247
167.3413274040222,139.03027312469482
157.65479327811858,136.54593618391547
147.93697187077998,134.18623881298305
138.20648574968612,131.87585661738274
128.46447007437328,129.624768017211
201.62614916706735,129.00579928674827
211.5751580100524,129.695376708791
216.7669253338948,128.7567454496771
206.81449615907667,129.21790546894073
66.33860208129883,131.6906228027344
61.89801725387573,140.39732062149048
57.90139313475601,149.13839423250687
53.699697581708435,158.21387344938518
53.09879426145554,160.43890594244004
57.3010196832713,151.37008881909284
61.46379695421551,142.27279359613175
62.91475756835937,138.2649616699219
232.1633283670619,148.65383949016035
230.96215539550778,151.32638260650634
174.19569778442383,151.4613986968994
189.32706832885742,152.42437438964845
200.22092016601562,153.1592529296875
50.29303146362305,166.41379516601563
241.59327001810072,178.0399878358841
240.56717187499999,180.218140625
237.83705761814116,187.35028234088418
230.02284653931855,203.0238732535839
225.86099780856816,212.11233835867793
227.09255045032504,210.32058098840713
231.2309211521149,201.23098388195038
235.67815525084734,192.26889173817634
234.12989496719092,194.63648613114654
53.32376997327804,197.01845336794852
51.96945713424683,206.91445884513854
50.9503087663874,216.87331687694416
50.19355731987487,226.84312653915913
49.79114374673367,236.8302396774292
49.82890123748779,239.9686950683594
50.39695701411447,229.99113693390393
51.15074783216894,220.02231879064465
52.057125514249435,210.06163164375374
53.33933144976758,200.14290022389963
54.901457336425786,190.62159329223635
160.8823139343262,202.57912641143798
165.86258724975585,194.5379803352356
39.404647605895995,195.94703035354615
192.15742687638104,201.98522019491995
194.39172355057298,211.1151306297211
191.77946511931717,220.75459239134844
188.37444601412116,230.16675308262464
190.66787375545502,225.8503008685112
193.836859375,216.36986718749998
194.96718431091307,206.50643562054634
159.65158348464968,208.17162358093265
354.759918175526,209.60163651592282
346.3881581102088,214.99523443977534
342.9750299251675,218.36796193271874
350.79779605291696,212.1629321736535
360.0296952313777,208.51580115131253
369.906087324157,209.3876640587967
379.0033794188863,213.47330110022517
385.39022716640403,220.8718486135332
385.96899695775005,230.780003588628
383.02832391400534,240.29424991388106
378.08587234265633,248.99274345904962
372.6296699094176,257.3651383894682
369.6592156678438,262.48259541213514
375.05657528785525,254.28573344674425
380.4006784941268,245.837814345794
384.7351033910114,236.83405673963577
386.8551448730651,227.11985260157599
384.1038863177299,217.68435177850722
376.400502590374,211.46394545047576
366.9780770089477,208.1844327224791
169.27272897720337,216.51484750127793
210.649076171875,215.48608007812498
39.09061127471924,219.58287039995193
206.9766998936534,226.02686209055037
203.8166014487371,235.51125829704108
200.93185196113586,245.09040565490722
200.01420971762388,254.95470516048368
200.0292201812406,264.96890937098095
200.2865280750394,274.9564953428507
206.74449345905333,280.56464840985836
203.7337451819703,279.8390763306469
200.48330187385437,271.2133300244194
200.42799230474978,261.2131184330881
200.54691212908833,251.2271514620371
202.39746178509947,241.42229801790788
205.4784846614365,231.91541868982324
208.61113519016655,222.4123338561356
332.91993894100193,228.25597963333132
165.2211392863898,229.1903445494885
162.35133548643253,238.7619048929568
159.45712053417228,248.32860271883573
156.52108624641596,257.88856022839246
153.59713269474264,267.46314438467095
153.7013621211052,268.52903772306445
156.70711315608025,259.00494522750375
159.6629588575093,249.4461835706588
162.51089624790754,239.8527129815202
165.33428538054227,230.26088810437918
328.643253326416,232.96090564727783
174.62062109375,233.52140624999998
337.5550666002855,242.4973833639845
336.9789535880387,243.5591339286417
343.6792056255936,236.1158842638135
343.219210420534,236.14591884790363
324.9406214346885,237.80656752586364
170.11542436554564,246.03294517282583
166.019640045166,254.7227428588867
162.1957375166416,263.9481487523317
163.24160825805367,262.43824135942015
167.24256319166722,253.2859556058869
171.295626287736,244.14003165559467
317.23919921875,245.83615405273437
310.5916242380142,253.31563073570283
304.02883762359625,260.8551868335605
310.51104668194057,253.8749628677368
317.16242808982736,246.41095416083934
320.85991555011276,241.81657014757394
49.901661875747145,259.0803889819086
50.57508844246064,269.0601049231924
51.62657704353996,279.0078409317252
53.02512375205755,288.903894002676
54.14408167371154,292.1544371835068
52.47736941170692,282.29583633869885
51.307472330808636,272.36187171417475
50.47212241378426,262.4126210711524
49.83584899902344,252.42990203857423
322.8604287109375,257.94972265625
327.56668724780525,253.05100186381486
39.10412139892578,254.43862850666048
245.96185348415372,252.88857604980467
260.1498413085937,253.0850983886719
241.6963125,253.96843750000002
264.9856201171875,253.90305859375002
354.0275019186735,265.9237366557121
358.3012690029144,261.860618121624
301.3433564186096,263.93667853069303
312.5754234313965,267.8401496887207
315.4911662138179,264.77102192323656
251.2132206916809,265.52135009765624
255.37212499999998,265.8825
366.892407831192,266.46005168426035
257.3178662452698,265.60112184143065
299.5999393677712,266.1178643679619
218.54014304409918,269.19936664653574
213.35217221069337,271.88045211791996
222.65752809524537,268.28603495407106
272.5215419140188,270.88086631924006
281.3312212008759,275.6086699950472
282.0071954573579,275.5209158855537
273.23290642324093,270.7578913908079
39.550896484374995,270.32402343750005
344.411478820622,275.8729566807151
337.50983067403735,283.0949456945658
338.4237659419999,282.501243020175
345.3878820438981,275.3204634548426
351.2579736599922,268.773241622448
299.6457505613705,279.4828657335704
303.9331226768494,275.9631465301514
310.496705201149,269.4133583073616
159.586375,273.03437499999995
238.2478469848633,271.0292732849121
238.87210214408577,281.5936353217829
238.37813783098014,280.1500798377469
234.93990243774653,272.2251518279314
247.70893164825438,274.1440543899536
39.87851049804688,277.7177506866455
150.79801457214356,278.1328680686951
167.32885620117187,281.29069854736326
280.6665510787368,285.7457659764886
271.9626028949022,286.89440604275467
266.6139076384902,286.47181555683915
276.407692489624,288.4795336074829
284.07336021061246,282.9400096567348
249.862583984375,282.4474514160156
297.54797686767574,281.2094130859375
166.50081072473523,289.15495153903964
166.26397192382814,284.5801369628906
293.50136480331423,284.812809009552
259.7858122587204,285.88236336135867
255.66670025110244,285.3119696674347
238.57697601592542,287.3522281894088
231.09563821411132,289.6539996032715
240.85872828489542,287.4487826948166
248.50858948683737,285.72188500183825
135.71510384068637,291.200410763517
130.7679424503073,296.3619801880075
137.96029579669238,289.42098222539573
328.5988379478455,292.62754791164394
333.05711034470795,287.9887679359317
160.69482060008497,293.50565243560817
167.01290764164924,300.61315049397945
170.27514218018203,309.85363689756394
167.6362207007408,314.49678362607955
170.24335040426254,305.62928074884417
164.51655374908447,297.5152076644897
345.7734564428329,297.6425998687744
55.750572149753566,300.51327446126936
344.50174565505984,298.67045504760745
236.87137722086908,300.3902640879154
252.70972523260116,300.3920418448448
122.32087572073938,303.08079430997367
122.44549615478516,302.95372798919675
309.4452931857109,312.1633062763214
309.00899425759815,310.92339935444204
302.33565309508145,303.483569899261
125.94616568590702,304.76283110679685
126.3594990208149,304.499886485219
161.3217492675781,307.8500112304688
164.02990218944103,310.86182279843837
57.936970703125,307.06314453125
339.8654446716308,308.6834905090332
349.58649106951344,310.97145588925014
357.0745157162323,315.10891388269516
348.61354254429875,310.3182967560506
338.9241174874529,307.90901427920164
178.63894656372068,307.33268508911135
288.53710776519773,312.2833471755982
293.3572806145996,316.49972536597403
286.1392681774646,309.59502650158856
58.58175,309.38884375
368.50977783203126,314.9936203613281
121.05728194385766,312.6886542121172
130.04645777577161,316.76047964608665
136.2013772845268,323.0379871606827
130.030650390625,316.30621484374996
121.10465662002565,312.2164094772339
246.05090230792763,319.65157743895054
242.22549305409194,327.6354114879966
244.3101213207785,322.20159134384994
252.08121136717497,316.54806152367587
155.0189192929268,322.99622294902804
157.61180246973038,319.8463667736054
163.86180153274535,321.2471975517273
158.920978515625,316.8058046875
368.50947827148434,320.1417297363281
369.26070562744144,317.7703369140625
147.91429829025267,317.71396865081783
255.06824999999998,320.246078125
171.63296668864785,321.35400923647734
254.7352246389389,329.21154081583023
255.59200742048026,324.1312916374803
356.7556768503189,323.41199212074275
337.842224224098,325.048469453536
332.3335321044922,322.85766288375856
342.19187492132187,335.08085415363314
336.39369340721055,328.99352149323556
331.52427749633796,324.43588470458985
141.0921126914024,328.5431556601525
344.0580984115601,326.2850975532532
350.03314514160155,326.04240894317627
50.89575592041016,329.25939971923833
54.036074694156646,336.29987913751603
60.043547627612945,344.29336659628154
66.82414427185059,351.63881671905517
66.44376038016378,350.71740481797605
59.68147374173067,343.33348220444566
54.049597032651306,335.09256928250943
302.10762695312496,332.96427734375
353.28854016530516,336.5599698901176
349.35650261720974,346.1005375693955
349.1236055529117,355.7133077090979
340.47771545410154,360.08766595458985
330.5277212533951,359.677308693409
320.8619445796013,357.26048280620574
321.0860299519533,357.8722594345743
330.77413079931864,360.24142098086605
340.7443570878729,360.3769278905698
349.4538339858055,355.9725606294796
350.18163621997087,346.44075350566055
344.823524303101,338.0607569705014
319.54646948242186,339.95735839843746
304.2948785743117,342.78583660197256
234.84874234869332,346.7592806012109
229.2759295806885,354.67893666458133
234.28076566085312,349.7477360685934
232.613734375,340.936625
80.95536057301797,347.49294395505825
88.57401708868704,353.96090235364994
96.64909352796315,359.8364666782783
105.12557179641723,365.13061852264406
96.90403628363704,359.47551842336816
88.71182843015437,353.74049968374055
81.08124988230318,347.28000309509787
79.24260253906249,345.76200338745116
72.36907806396485,356.2594055175781
300.99099964217845,362.9706593017429
226.54185507261755,362.2287738406062
227.14866759419442,361.6418055890798
224.52937564086915,366.2967326354981
236.00414346154037,370.6905892757997
235.4254150390625,365.53543310546877
310.0681986890435,370.93293308019634
24.463390192564578,372.3794844339937
23.27111529203877,382.28352945373956
24.552487709641454,392.15772313344485
23.857339272432498,384.35561180420393
24.456154235411432,374.3836410571215
85.60193622918706,374.77004530895965
79.43785618829727,382.6360301578045
74.30278001022339,389.4803047599792
80.59117162526599,381.71556728738835
86.76795129013061,373.8450003561974
87.89037278354168,371.7881274574995
297.12992103688424,382.26622620052103
289.413363367185,388.6370994216799
281.56535083074124,394.83215229117127
283.9343778866306,393.3917157117277
291.81829870605463,387.62405633544927
299.21475557684903,380.9726353005767
305.4847726893574,375.51294347637145
34.07031429052353,378.86629777479175
46.51868530273437,379.96103515625
92.72737649246304,386.7319494391605
85.8432971426472,393.98058633809535
87.20092441704416,392.821291325368
94.17318873532582,385.64046395117043
100.96241040754319,378.32137576293945
51.539529800899324,385.0419374873862
57.88870117425919,392.63664064168927
60.63817091977596,390.4126692805886
53.89212759637833,387.2883974241614
50.74424022972584,384.1688304731995
119.37844100141432,386.4495254669944
128.64312890011072,390.21405885964634
134.51297638642788,391.8693675673008
125.10696531245111,388.4263143912293
115.97480177879333,384.35867049145696
236.1360858068466,386.60827107286457
238.50989268547295,390.34145414542405
237.69705408096314,381.70918750381475
42.26959839582443,386.9301308865547
40.01710488605499,384.35686631166936
103.05403625488282,387.7431457519532
276.14317565258534,385.30394169498373
267.95717914253476,391.065036686182
259.12643319945784,395.70044649502637
249.51222715264652,398.37884211519736
239.54814599990843,398.39489723873135
229.6180817505345,397.1922250702176
219.73447265625,395.67060986328124
209.78797158324159,394.72276915156374
209.95559512674808,395.3084017896056
219.90092780314387,396.31337888020556
229.80677413656122,397.6978591083115
239.7479507105376,398.8791931561377
249.72421577833524,398.9801481983209
259.2655095198259,396.15995991911126
267.9479919776367,391.2290708830915
276.2446815416953,385.6372405454405
171.19334895610808,387.12856149435044
88.85595151462871,402.9475064381166
81.94800850076228,410.19314708244053
75.57004535527528,416.9805481494367
82.5869127261322,409.8740471499301
89.50264678559242,402.65803205649604
96.37843827637262,395.39174235413645
103.09544402313232,388.0029214668274
96.1686445633918,395.1935871080682
184.0113705623746,392.8006132485866
180.92423786399513,390.4953512912765
176.94158373584597,389.2218533043265
54.96799011230468,400.7343793334961
52.9729393017895,397.96942748578
47.01852498662471,391.9595536557436
242.87449528884886,393.2283566894531
138.0090334624052,393.05164660924675
27.069922916173937,402.70262433439495
25.223481689453124,394.14320068359376
197.63389228588343,399.28687670725583
203.6636866694689,394.45935776799917
66.338427734375,398.4728310546875
276.7787412567139,398.6919331130982
184.8351238665581,399.4835959916114
165.68260297966003,405.66231035995486
165.323639654696,406.862021265924
195.42006454467773,405.8357353210449
206.36648256552218,406.4888674968481
132.41700410842896,415.23286074447634
133.74938201904297,425.12109539794926
136.2532905898541,434.77843091408914
134.35554783265295,426.3558960441587
133.21258719551565,416.43898346471883
67.35351969909668,412.5095569992065
203.6941229697019,412.30722262980044
199.7218508464247,421.4765617333203
195.7744464685768,430.6659412646666
191.79457736738956,439.847133048608
190.39166770076753,444.23291161727906
194.48073779714107,435.1050116462708
198.2888461770704,425.8669046917586
202.20078572320938,416.6539111561775
237.96671119689944,411.58017532730105
63.464391112327576,416.08620557785036
57.2435597116351,421.0552446786761
61.08466562652588,417.7410771064758
153.7304553222656,424.2851760253906
162.98795695771835,427.65586522925645
171.09220375335218,422.40545821619037
168.28773428232225,425.0336855900287
159.0930311245201,426.406394623965
150.1988624945283,421.81779470270874
63.254402718693015,429.03415501777084
55.94089370295406,435.8497881085798
60.86094153976533,431.7671683912817
68.1327952003479,424.890013710022
66.35181195259094,426.0966156439781
53.97506509429216,423.62516835445166
42.602200324535374,431.14426776838303
47.48663435935974,435.84567441940305
150.94942195892335,435.521593322754
155.91375055968763,447.57345008020843
161.6274762954563,455.77452708037106
159.14340790838006,452.25351919579504
154.3624537059665,443.47908919996024
174.38997735595703,454.5450946807861
171.50202052116393,457.2757371807099
157.60544111499934,468.5791689823866
160.57828229165077,470.91087172994764
153.3807294769287,463.9605882148743
172.62170207595824,470.4562986564636
#
220.8006893348694,27.417773796081544
163.58565627336503,29.20318606519699
226.08771191215513,30.036367569446565
157.42006608247755,32.29217862606048
195.8409331321716,33.31303275680542
167.09144045829774,40.496458745956424
165.4675035187006,41.63050860762596
221.2004319701195,43.93863976633549
158.67669899463652,44.62968758106231
88.27503366470337,59.816694369316096
255.71797592163085,64.37572109985352
256.91748635834455,90.74032215571404
257.19204817349095,82.30289822254143
256.800389623642,84.56966114997864
146.032203125,81.2524375
80.14560750615598,83.06706833928823
176.63758364868164,89.4538164138794
172.16026623535157,95.73315856933594
256.4134418125152,99.0849476571083
256.28159941101075,108.79621726608276
153.33400585937503,119.38117187499998
67.401880859375,127.77704736328123
65.34239620292186,132.38181198239326
77.65445798945427,138.90878641903402
61.0034720916748,141.45940268325805
76.3934369688034,141.59916837263108
74.92137231445312,144.89684399414062
192.09565795898436,146.2228884277344
175.72227029418946,151.38801852416992
181.71391481399536,152.41473720169068
187.2829911804199,152.42532693481445
197.3387915725708,153.3157723236084
212.27455126523972,209.3524362077713
39.14433279418945,214.80213964843747
211.31105287170408,213.72371116256713
379.55025558471675,213.18364001464843
343.01005209183694,217.59466078817843
178.953296551466,217.19975319087507
209.74662471580507,218.5018527340889
221.83034792327882,225.3405996246338
175.17495034790036,229.79020639038086
325.9048500236273,235.93559054237602
185.1314631958008,240.0559471435547
321.0043805685043,241.5334705014229
336.50130692338945,244.55276312065124
318.02604264801744,244.91562491351368
313.82141675949094,249.30631052398684
199.7505161371231,251.26216293573378
267.97131433486936,254.72187744140626
309.7562600135803,254.09622999191288
372.3881651573181,258.1890988502503
315.6362085673213,265.10002388054136
320.1830419311524,260.8216949462891
39.154625,262.05075
199.95316416931152,266.9316732853651
368.484646484375,264.66972656250005
248.540905151546,265.45761715036633
239.11232812500003,265.498234375
365.9829166650772,268.130672044754
292.24447442626956,267.62658639526364
345.9424627661705,274.08205655086044
307.73590564727783,272.54325332641605
302.48045883178713,277.58496990203855
283.2139828529358,282.6674168176651
286.5261606521607,279.66154871749876
339.7325707271695,280.50195643806455
297.33210311174395,282.03796335554125
277.3610515356064,288.0381004810333
329.8939195513725,290.9284056123495
137.5681071504876,288.9666244051606
135.04676704263687,291.87003152322774
223.77494446299968,291.4599508204236
146.1754668867588,292.61358661949635
287.6536138048172,292.6599893269539
322.47771463012697,298.5630883483887
324.93611013233664,296.0245419615507
243.1689887166023,299.65736905717847
247.9448306083679,299.6672457914353
233.1193151321411,300.10869715833667
260.141357421875,300.88806640625
129.89981245481968,301.474346395433
326.8005548601151,302.15591653060915
125.82686981201171,304.917015625
276.3631665649414,304.6826849060059
367.49186992645264,312.93156036663055
247.21154383850097,318.01848909378054
249.06572968530656,316.870987719059
354.5814319839477,324.73507535552983
368.718125,320.56910937500004
138.59252368628978,326.93699148011206
152.36771365356446,326.50948696899417
77.13693052309752,342.8683194547891
60.939740555763244,345.88995988368987
359.7550804543495,351.7304326252937
236.37514257812498,366.1709106445312
231.75906686782838,372.1130327568054
101.03507817459108,377.9287931442261
33.10628662109375,378.270845703125
302.81551405102016,377.8074075934291
23.112123484134674,381.70117369651797
299.4640888181329,380.7671264016032
108.08370544433593,382.79808361816407
78.84436724185943,384.6601789731979
296.84313326644894,382.9457544326782
103.18075942993164,388.03662128448485
43.53012485504151,388.25886154174805
85.52975266551971,394.0451689720154
88.40460828733444,391.0460352063179
185.80196575880052,396.13755062770844
71.84790064096451,408.1850573718548
78.97555110592396,401.17359776645156
75.54802850073298,404.34285536164043
137.30978146743774,407.54965073013307
153.0837998046875,408.15542822265627
237.32877651977537,410.8553860778809
38.90751657485961,412.4362460517883
245.72482694244385,411.2089730796814
76.18274959754945,416.52660247087476
76.88881225585939,416.0188779296875
77.60776219099574,415.0620189263858
41.14321696853638,417.0145990824699
149.71174025076627,432.12197285813096
147.99588259887693,425.28681909179693
61.69380323410034,430.9264289894104
136.94405322265627,437.0486232910156
153.2269823231697,440.9866953558922
138.31861791992188,440.911568359375
142.81861166381836,449.80412234497066
186.69848944091797,452.0256898498535
155.64734338760374,466.68407299041746
#
217.85344178843496,41.29172288894653
223.57020889282228,46.39790771484375
87.79799118041993,59.91720027923584
257.55136268615723,84.30776700794698
125.32865643930435,81.631250497818
215.14354351806645,105.01936450195312
150.73902031326293,109.2525588195324
133.91655353866517,122.73465787124634
133.96368047475815,122.56494959115983
172.68124999999998,131.1685
44.28407515335083,177.87274811553957
231.40313292932512,201.29481085777286
39.134441589355475,209.3177055120468
381.44202027130126,214.09858658599853
340.0841006851196,220.22991867065429
341.3876866459847,218.86114910840988
375.06568844604493,228.46148937988283
50.25492962646484,242.01603927612302
322.89729110717775,239.24529580688477
340.8939262197018,240.05920020520688
320.639162109375,241.187470703125
329.0741754712463,252.36841880083085
332.6905404300615,248.35858675184102
50.158566894531255,251.78876342773435
251.3839890499115,252.5638244419098
360.74213281249996,257.93869775390624
349.5582830353379,269.9216436894536
355.19944997501375,264.552069504261
38.909650146484374,265.80226185607904
311.2719830336571,269.62670510303974
314.1991744019985,266.7279654355049
199.71510083007814,273.41890258789067
305.6193203029632,274.9326391205192
249.17073056846857,275.020512342751
285.7036719908714,279.8061697359085
281.8197933044434,284.2367462005615
237.43855905532837,280.23231829071045
299.3460789680481,280.44953428268434
332.9508567581177,287.2875619277954
292.4065426635742,286.3648296508789
130.328696616292,296.0343419909477
134.7960959739685,291.45720651626584
329.48688180923466,291.4508953590393
163.58929152441024,297.371075630188
245.25954183578492,300.2574984970093
160.8690505027771,306.5585648775101
366.8444214820862,311.9680008358955
290.8329069469571,314.29639500308036
135.6835210723877,322.86927962112424
337.333180305481,330.72854446411134
338.79038746388255,331.81887895911933
331.6978358218521,324.7672828015685
67.63287824773789,329.62523032188415
354.9094347238541,337.61469373703005
304.1151551232338,348.7741637926102
67.55074558258056,352.6391227722168
349.7064647578597,354.7739676916003
300.9604482418895,362.9679775983095
114.43265625,369.840822265625
334.42001419067384,370.1144801940918
307.46014642333984,374.3014709854126
42.014453125,375.4930112304687
303.63428125,377.718501953125
283.16300506210325,379.7459162712097
48.625760812282564,381.2256183290482
97.49563347625732,381.5061432151794
39.940962172031405,384.53741283416747
107.6394073791504,383.38889633178707
92.02381249999999,386.81874999999997
240.71849023437503,393.243818359375
51.162221217155455,396.73692560195923
83.41568688964844,396.3247982788086
79.87004434204101,399.601961517334
92.20964858978986,400.3525754550099
55.50948076248169,401.67768999099735
74.51112042236328,405.1897772827149
143.41206411123275,406.7951819176674
68.59026105403899,410.92566862106327
79.58944344329834,413.5643005371094
63.94892950534821,415.2133838233948
31.481738685607908,414.1479398574829
66.41585464477538,426.75790176391604
69.88591874986886,423.38938748985527
76.99323714971543,416.35350241327285
74.30677233295887,418.75530170736465
45.87657421875,423.68123046874996
141.0133626432419,445.9320125579834
175.95241412353516,451.1907385253906
143.43580354642867,450.1942414360046
163.68534393548967,457.4600504684448
169.85829767560958,458.46487778663635
150.21376806640626,460.38610778808595
173.96772576904297,469.8085283203125
#
141.59549194596707,39.60247176162899
149.09049520874024,48.8284826965332
83.06200462818146,66.28568649959564
122.94897317886353,84.35775630474092
112.42709515285493,108.8155081948042
211.48171232336762,115.7195590004325
213.0543901772499,113.89805179071426
42.30090844726563,182.779416015625
337.96215763473515,222.14375135421753
342.80121875000003,217.25775
38.612900944888594,246.80087348490954
38.742677932739255,238.0783866583556
38.577560263335705,238.67094482630492
339.14943215942384,241.88453170776364
333.5155829071998,248.23725846242905
310.1228686828613,252.90889196777343
319.3218482466936,262.23000015103815
326.36230275297163,255.13263994312285
306.0284133691788,257.3967959403992
351.790194152832,267.50501873016356
293.089019683361,267.7037865948677
311.566636505127,269.76463009643555
348.182960908711,271.23595193237065
344.370330619812,275.1264427185058
285.422386967659,279.3268738636971
337.1707772827149,282.7862609863281
240.10372924804688,283.8283706665039
293.0073182106018,286.10368272018434
326.12382972347734,294.0721144197583
132.4873016357422,300.87894180297855
301.1131636619568,301.5061951627731
354.86385332566505,324.22852970093487
342.4980801305622,336.5987702771276
340.67555568695064,334.26656341552734
65.13994439697267,350.71281030273445
67.65621538162232,353.3085023641586
69.68319885253906,354.7296148681641
76.24815826416015,368.09310607528687
37.67821063995362,372.1915815830231
85.52123901033403,376.0691624093056
299.76697959899906,381.10335068893437
50.13047119140625,382.3340942382813
93.32128636169435,385.4148551940918
293.5090517044067,386.52705749320984
104.88508502197266,386.91755947113035
42.48005392074585,387.52560079574585
87.62811498641967,391.6438530626298
100.50816701127589,391.6144873840809
46.433069030761715,391.8790707397461
84.4560207862854,394.88065551948546
51.48437680530548,397.2982405042648
94.59871263504029,397.9107406759262
62.21515124559402,403.31865594387057
67.09489694738387,398.35764772891997
88.02052607774735,404.9080846400261
58.82000689697265,404.1709975891113
72.1360089103952,407.45600733187047
176.32598616933822,413.77358441066747
61.305331112265584,432.04659000968934
45.07410082101822,434.0717660427093
156.5839233160019,468.0971066474915
#
